1 1 78 0 55.882133 STANDARD
1 1 100 1 53.528152 STANDARD
1 1 4 2 50.89521 STANDARD
1 1 3 3 43.919796 STANDARD
1 1 98 4 43.919796 STANDARD
1 1 74 5 36.750427 STANDARD
1 1 69 6 31.705177 STANDARD
1 1 84 7 27.770359 STANDARD
1 1 26 8 20.71515 STANDARD
1 1 25 9 20.502262 STANDARD
1 1 77 10 18.67989 STANDARD
1 1 58 11 17.425335 STANDARD
1 1 16 12 17.266243 STANDARD
1 1 18 13 17.006092 STANDARD
1 1 34 14 16.596558 STANDARD
1 1 90 15 16.218817 STANDARD
1 1 50 16 15.942652 STANDARD
1 1 20 17 15.101968 STANDARD
1 1 80 18 15.089952 STANDARD
1 1 76 19 14.988991 STANDARD
1 1 43 20 14.337923 STANDARD
1 1 56 21 14.221807 STANDARD
1 1 53 22 13.86961 STANDARD
1 1 36 23 13.167787 STANDARD
1 1 62 24 12.752782 STANDARD
1 1 39 25 12.433512 STANDARD
1 1 46 26 12.137035 STANDARD
1 1 68 27 11.297087 STANDARD
1 1 5 28 10.9349 STANDARD
1 1 15 29 10.899345 STANDARD
1 1 17 30 9.805588 STANDARD
1 1 35 31 8.866021 STANDARD
1 1 83 32 8.832359 STANDARD
1 1 13 33 8.034878 STANDARD
1 1 28 34 8.034878 STANDARD
1 1 37 35 7.6406603 STANDARD
1 1 44 36 7.1582704 STANDARD
1 1 12 37 6.8402534 STANDARD
1 1 6 38 6.601788 STANDARD
1 1 23 39 6.5208826 STANDARD
1 1 66 40 6.2820716 STANDARD
1 1 88 41 5.1110516 STANDARD
1 1 22 42 5.046622 STANDARD
